20 2 1 10 1 0 0 A C
120 120 111 46 46 46 46 46 46 46 46 46 46 46 46 46 46 46 46 46 
46 111 46 46 46 46 46 46 46 120 46 46 46 46 46 46 46 46 46 46 
46 111 120 46 46 46 46 46 46 120 46 46 46 46 46 46 46 46 46 46 
120 111 120 46 46 46 46 46 46 46 46 46 46 46 46 46 46 46 46 46 
46 111 120 46 46 46 46 46 46 46 46 46 46 46 46 46 46 46 46 46 
46 111 46 46 46 46 46 46 46 46 46 46 46 46 46 46 46 46 46 46 
46 111 46 46 46 46 46 46 46 46 46 46 46 46 46 46 46 46 46 46 
46 111 46 46 46 46 46 46 46 46 46 46 46 46 46 46 46 46 46 46 
46 111 46 46 46 46 46 46 46 46 46 46 46 46 46 46 46 46 46 46 
111 120 46 46 46 46 46 46 46 46 46 46 46 46 46 46 46 46 46 46 
46 46 46 46 46 46 46 46 46 46 46 46 46 46 46 46 46 46 46 46 
46 46 46 46 46 46 46 46 46 120 46 46 46 46 46 46 46 46 46 46 
46 46 46 46 46 46 46 46 46 46 46 46 46 46 46 46 46 46 46 46 
46 46 46 46 46 46 46 46 46 46 46 46 46 46 46 46 46 46 46 46 
46 46 46 46 46 46 46 46 46 46 46 46 46 46 46 46 46 46 46 46 
46 46 46 46 46 46 46 46 46 46 46 46 46 46 46 46 46 46 46 46 
46 46 46 46 46 46 46 46 46 46 46 46 46 46 46 46 46 46 46 46 
46 46 46 46 46 46 46 46 46 46 46 46 46 46 46 46 46 46 46 46 
46 46 46 46 46 46 46 46 46 46 46 46 46 46 46 46 46 46 46 46 
46 46 46 46 46 46 46 46 46 46 46 46 46 46 46 46 46 46 46 46 
