15 1 1 -1219783507 -1218235452 0 0
46 46 120 46 46 46 46 46 46 46 46 46 46 46 46 
46 46 111 46 46 46 46 46 46 46 46 46 46 46 46 
46 46 46 46 46 46 46 46 46 46 46 46 46 46 46 
46 46 46 46 46 46 46 46 46 46 46 46 46 46 46 
120 46 46 46 46 46 46 46 46 46 46 46 46 46 46 
46 111 46 46 46 46 46 46 46 46 46 46 46 46 46 
46 46 46 46 46 46 46 46 46 46 46 46 46 46 46 
46 46 46 46 46 46 46 46 46 46 46 46 46 46 46 
46 46 46 46 46 46 46 46 46 46 46 46 46 46 46 
46 46 46 46 46 46 46 46 46 46 46 46 46 46 46 
46 46 46 46 46 46 46 46 46 46 46 46 46 46 46 
46 46 46 46 46 46 46 46 46 46 46 46 46 46 46 
46 46 46 46 46 46 46 46 46 46 46 46 46 46 46 
46 46 46 46 46 46 46 46 46 46 46 46 46 46 46 
46 46 46 46 46 46 46 46 46 46 46 46 46 46 46 
